/home/esteban/workspace/python/MyTestProject/src/root/Materials/Reconstruction/buildings_heat_retrofit1.csv